0 94 32 95 31 2 29 6 35 60 19 55 8 3 44 73 54 43 79 51 
17 0 83 92 7 81 36 54 60 19 29 52 69 3 45 11 12 35 46 76 
35 65 0 13 67 92 45 46 28 54 100 23 29 8 89 53 65 31 80 56 
92 79 56 0 40 1 11 85 56 49 31 59 80 45 13 6 8 43 96 66 
77 41 60 14 0 82 2 47 59 14 29 42 57 69 70 90 31 51 44 20 
7 17 80 64 10 0 21 63 11 44 88 79 66 21 32 68 13 47 65 5 
61 62 74 26 93 76 0 35 43 35 38 58 9 8 54 19 84 53 14 92 
78 99 82 96 62 74 17 0 94 51 50 55 29 31 26 98 96 34 78 7 
21 21 85 38 75 69 43 13 0 18 81 32 38 78 84 87 26 78 53 33 
63 74 89 27 95 44 57 39 58 0 58 56 54 84 72 56 23 10 33 45 
34 76 2 7 54 27 15 12 3 3 0 73 17 62 39 37 90 30 31 73 
56 33 91 71 1 59 65 96 5 11 2 0 10 98 59 38 58 42 42 4 
49 51 85 37 43 40 7 27 57 35 16 65 0 85 71 87 14 100 94 96 
77 28 100 68 97 61 52 61 93 10 93 6 44 0 18 81 29 91 29 40 
78 57 74 26 0 88 82 83 91 61 77 48 71 70 0 71 2 13 13 26 
89 64 47 24 39 24 13 41 42 30 63 35 51 14 47 0 0 39 65 68 
78 50 80 32 94 60 91 35 41 92 15 22 75 61 21 100 0 56 77 52 
12 4 10 49 81 16 51 56 57 93 92 96 43 18 62 95 80 0 80 84 
23 87 28 5 85 43 26 51 76 85 22 1 18 10 28 49 16 100 0 12 
17 85 17 21 94 69 16 83 0 55 79 23 42 82 80 13 28 53 48 0 
